1156535
1291442
1359713
1374810
1416035
1528192
1521013
1455094
1371776
1369609
1392741
1455568
1534559
1517461
1384346
1405234
1413308
1425039
1470182
1516333
1542575
1416539
1377720
1358558
1400223
1458195
1543368
1501977
1357366
1369052
1447046
1676666
1628102
1605383
1530729
1471185
1466896
1487514
1501739
1562044
1689814
1725907
1503980
1506300
1494398
1493466
1540286
1653948
1654839
1527258
1566723
1517780
1518362
1559158
1659617
1657210
1490064
1484474
1462345
1480193
1518520
1620768
1760712
1803999
1510895
1507146
1557876
1552917
1686550